    0.000000000   6333.081231282  -1580.828523259     90.693557204      0.714634423      3.224246550      7.083128132      1.134721224      0.015327933      6.032094850      1.023501220      0.001380660     0.988591355 - LP     1.134423871      0.015328927      6.032084788      1.022915214      0.001393552     0.988527430 -  28350  0     0.970136817    -0.242160158     0.013892947 
  120.000000000  -3990.938458545   3052.983419071   4155.327006290     -5.909006188     -0.876307966     -5.039131404      1.134427155      2.361734419      6.026088464      1.022298183     -0.000622988     0.988591660 - LP     1.134423871      2.361701930      6.026417413      1.021926647     -0.001044679     0.988944434 -  28350  0    -0.612073722     0.468223438     0.637285314 
  240.000000000   -603.552320097  -2685.134745690  -5891.702742823      7.572519907     -1.975656726      0.121722605      1.134125261     -1.553292659      6.020716867      1.019545409      0.000337292     0.990079614 - LP     1.134423871     -1.553293799      6.020728406      1.019394139      0.000322492     0.990860619 -  28350  0    -0.092814246    -0.412919891    -0.906025761 
  360.000000000   4788.223456270    782.561692136   4335.142846214     -4.954509026      3.683346464      4.804645839      1.134399591      0.825951651      6.015347087      1.020106607     -0.000233778     0.989576314 - LP     1.134423871      0.825984176      6.015017767      1.019754327      0.000188850     0.989970071 -  28350  0     0.735927687     0.120276094     0.666291303 
  480.000000000  -6291.846016441   1547.827907719   -453.671164977     -0.308625588     -3.341538574     -7.082659115      1.134720408     -3.064458785      6.009336380      1.018369705     -0.000333097     0.991404761 - LP     1.134423871     -3.064453759      6.009285496      1.017783872     -0.000267760     0.991344985 -  28350  0    -0.968676819     0.238299699    -0.069846074 
  600.000000000   4480.745734282  -3028.552003741  -3586.943436410      5.320920857      1.199736275      5.626350481      1.134500899     -0.655867753      6.003210806      1.017481724      0.000522948     0.991260987 - LP     1.134423871     -0.655899436      6.003531593      1.017055133      0.000110820     0.991513140 -  28350  0     0.690446409    -0.466675188    -0.552718758 
  720.000000000   -446.424609156   2932.288725878   5759.193897566     -7.561000245      1.550975493     -1.374970885      1.134145053      1.765655305      5.997629709      1.015674854      0.000089835     0.991724372 - LP     1.134423871      1.765642826      5.997756058      1.015506442     -0.000072581     0.992482170 -  28350  0    -0.068912772     0.452645621     0.889023606 
  840.000000000  -3713.795818306  -1382.661251301  -5122.451311359      6.090931626     -3.512629733     -3.467571746      1.134265712     -2.080703131      5.992242867      1.015403902     -0.000024062     0.991702391 - LP     1.134423871     -2.080675084      5.991958892      1.015147078      0.000341172     0.992290168 -  28350  0    -0.573436704    -0.213492812    -0.790943213 
  960.000000000   6058.320175220   -827.474067225   2104.046786506     -1.798403024      3.787067272      6.641439744      1.134648574      0.367180283      5.986363950      1.013846451     -0.001077889     0.993497515 - LP     1.134423871      0.367202392      5.986140093      1.013311987     -0.000789818     0.993542781 -  28350  0     0.936885094    -0.127964204     0.325378985 
 1080.000000000  -5631.736590064   2623.709536436   1766.491250842     -3.216401578     -2.309140959     -6.788609120      1.134672025      2.835086780      5.980107044      1.012704190      0.001241483     0.994123096 - LP     1.134423871      2.835067756      5.980299662      1.012152545      0.000993476     0.994135871 -  28350  0    -0.871898678     0.406199552     0.273486049 
 1200.000000000   2776.849915601  -3255.369419526  -4837.196677900      6.748135564     -0.193044825      4.005718698      1.134312497     -0.972869881      5.974125404      1.012534227     -0.000185243     0.992978755 - LP     1.134423871     -0.972900715      5.974437599      1.012241826     -0.000587431     0.993503396 -  28350  0     0.429980725    -0.504076974    -0.749014673 
 1320.000000000   1148.044308372   2486.073433861   5826.340759133     -7.420162295      2.589456382      0.356350006      1.134120661      1.520692190      5.968587541      1.009349071     -0.000095884     0.995157437 - LP     1.134423871      1.520695512      5.968553905      1.009195409     -0.000052528     0.995956008 -  28350  0     0.178329649     0.386170290     0.905025438 
 1440.000000000  -4527.908718278   -723.291990411  -4527.446083187      5.121674217     -3.909895427     -4.500218556      1.134362130     -2.254445922      5.962978607      1.010299201      0.000235952     0.994189925 - LP     1.134423871     -2.254413327      5.962648578      1.009970023      0.000661582     0.994646126 -  28350  0    -0.702674100    -0.112245758    -0.702602305 
# *** error: t:= 1560.000000 *** code =   1

