    0.000000000  -6131.827304558   2446.528155281   -253.642110335     -0.144920228      0.995100963      7.658645067      1.683695151     -0.038646958      2.757602548      1.035843489      0.026433947     0.976747955 - LP     1.683781961     -0.038637848      2.757595784      1.034809559      0.026394935     0.976982617 -  28872  0    -0.928115589     0.370307382    -0.038391361 
    5.000000000  -5799.242561336   2589.148111188   2011.545150996      2.325207364     -0.047125672      7.296234071      1.683710956      0.308764478      2.757607817      1.044493861      0.020321809     0.968486097 - LP     1.683781961      0.308696151      2.757658553      1.043500798      0.020614411     0.968812601 -  28872  0    -0.870505812     0.388648768     0.301946629 
   10.000000000  -4769.050619670   2420.465805618   4035.308558368      4.464585796     -1.060923209      6.070907874      1.683758853      0.651240774      2.757636827      1.050419509      0.012050176     0.962577152 - LP     1.683781961      0.651126962      2.757721338      1.049565615      0.012537584     0.963181786 -  28872  0    -0.711828621     0.361278790     0.602310261 
   15.000000000  -3175.451573399   1965.987380859   5582.125696073      6.049639376     -1.935777558      4.148607019      1.683816730      0.990804956      2.757703762      1.053019892      0.002674359     0.959671421 - LP     1.683781961      0.990696710      2.757784140      1.052337568      0.003137949     0.960612135 -  28872  0    -0.472797544     0.292718684     0.831130709 
   20.000000000  -1210.190248024   1281.545412937   6474.681727721      6.920746273     -2.580517337      1.748783868      1.683859143      1.329730482      2.757806296      1.052082167     -0.006779778     0.960132394 - LP     1.683781961      1.329675722      2.757846957      1.051527648     -0.006545249     0.961319453 -  28872  0    -0.180347565     0.190981207     0.964883897 
   25.000000000    896.737995328    447.123573048   6607.224005065      6.983396282     -2.925846168     -0.872655207      1.683867368      1.670346928      2.757927138      1.047763013     -0.015365691     0.963991091 - LP     1.683781961      1.670370291      2.757909791      1.047236266     -0.015465755     0.965226046 -  28872  0     0.134186492     0.066906883     0.988694824 
   30.000000000   2896.996635344   -440.047385944   5954.926754864      6.211488246     -2.926949815     -3.433959806      1.683836925      2.014846042      2.758040695      1.040558143     -0.022229831     0.970901785 - LP     1.683781961      2.014937692      2.757972640      1.039945352     -0.022622393     0.971960157 -  28872  0     0.436503702    -0.066303948     0.897255986 
   35.000000000   4545.789701674  -1273.559528721   4580.165129838      4.656984233     -2.568711513     -5.638510954      1.683780393      2.365071505      2.758123204      1.031264295     -0.026620939     0.980116025 - LP     1.683781961      2.365189609      2.758035506      1.030488798     -0.027126832     0.980846341 -  28872  0     0.691107573    -0.193622383     0.696333753 
   40.000000000   5627.432993706  -1947.942824694   2634.167149295      2.464141047     -1.873985161     -7.195743032      1.683723681      2.722287493      2.758163619      1.020930035     -0.027926835     0.990505401 - LP     1.683781961      2.722375341      2.758098388      1.019992092     -0.028303143     0.990906583 -  28872  0     0.864212701    -0.299148285     0.404532708 
   45.000000000   5984.723185337  -2371.376916090    349.879962091     -0.121276950     -0.911981546     -7.859613894      1.683695305      3.086946856      2.758170853      1.010784240     -0.025764176     1.000668491 - LP     1.683781961      3.086959741      2.758161286      1.009768703     -0.025819371     1.000905036 -  28872  0     0.928307584    -0.367831077     0.054270885 
   50.000000000   5548.433259218  -2480.164692448  -1979.243145270     -2.763269534      0.199691915     -7.482796996      1.683711702     -2.824670689      2.758172242      1.002125608     -0.020123431     1.009139751 - LP     1.683781961     -2.824740662      2.758224200      1.001165622     -0.019823667     1.009471612 -  28872  0     0.868069503    -0.388029419    -0.309658697 
    0.000000000    423.992955239  -6658.122561488    136.130403564      1.006373613      0.217309983      7.662587892      1.438750908      0.020580790      4.773273582      1.046230229      0.000434671     0.977999160 - LP     1.438653958      0.020576315      4.773269555      1.045239966      0.000454254     0.978212328 -  29141  0     0.063538604    -0.997770855     0.020400188 

