    0.000000000    423.992955239  -6658.122561488    136.130403564      1.006373613      0.217309983      7.662587892      1.438750908      0.020580790      4.773273582      1.046230229      0.000434671     0.977999160 - LP     1.438653958      0.020576315      4.773269555      1.045239966      0.000454254     0.978212328 -  29141  0     0.063538604    -0.997770855     0.020400188 
   20.000000000    931.808835870  -1017.178522393   6529.192445268     -0.298847918      7.613891977      1.226399480      1.438561827      1.409491283      4.773028896      1.046281640     -0.000298707     0.976275276 - LP     1.438653958      1.409456750      4.772997819      1.045785722     -0.000147548     0.977417105 -  29141  0     0.139631857    -0.152424532     0.978401608 
   40.000000000    -83.449061410   6286.202084526   2223.498371606     -1.113515974      2.530970283     -7.219445568      1.438729224      2.798534734      4.772663394      1.045505703     -0.000935445     0.977924019 - LP     1.438653958      2.798603801      4.772725548      1.044571216     -0.001237863     0.978245423 -  29141  0    -0.012514150     0.942688534     0.333439236 
   60.000000000   -958.576812208   3259.260053478  -5722.637324667     -0.101225813     -6.735338321     -3.804851872      1.438604791     -2.091524788      4.772537561      1.043422575     -0.001547189     0.978624977 - LP     1.438653958     -2.091619041      4.772452742      1.042814074     -0.001134350     0.979558418 -  29141  0    -0.144036640     0.489739437    -0.859888789 
   80.000000000   -255.256199846  -5132.597629736  -4221.272331177      1.077709303     -4.905938824      5.892521264      1.438671536     -0.694915148      4.772082608      1.042687645      0.000593090     0.979439732 - LP     1.438653958     -0.694807589      4.772179402      1.041904057      0.000121789     0.980046715 -  29141  0    -0.038382067    -0.771772473    -0.634739370 
  100.000000000    867.442950968  -5038.404029333   4256.738105326      0.479447535      5.032326446      5.857126248      1.438670268      0.701653820      4.772002711      1.043040479     -0.000128309     0.978693068 - LP     1.438653958      0.701545826      4.771905526      1.042258766      0.000345092     0.979307682 -  29141  0     0.130390530    -0.757352599     0.639855726 
  120.000000000    559.168820128   3376.305879365   5699.220173906     -0.906749328      6.646149867     -3.852331832      1.438605427      2.096731460      4.771545358      1.042279328     -0.000435337     0.978479231 - LP     1.438653958      2.096826757      4.771631116      1.041665968     -0.000853270     0.979414179 -  29141  0     0.084113386     0.507883324     0.857309435 
  140.000000000   -669.851842049   6196.002294840  -2281.957417704     -0.795804092     -2.752114827     -7.202478520      1.438728455     -2.787374659      4.771420543      1.040547415     -0.001587498     0.980513328 - LP     1.438653958     -2.787446191      4.771356171      1.039613058     -0.001273628     0.980845043 -  29141  0    -0.100930674     0.933589563    -0.343836482 
  160.000000000   -784.207080193  -1278.531255533  -6449.198925965      0.636702380     -7.595425203      1.431090802      1.438562436     -1.383891779      4.771044467      1.038126865     -0.000338287     0.981010192 - LP     1.438653958     -1.383851525      4.771080692      1.037624865     -0.000515013     0.982160778 -  29141  0    -0.118436788    -0.193093303    -0.974006008 
  180.000000000    406.158116588  -6607.031157990    148.330214770      1.009818575      0.231843765      7.692047844      1.438752426      0.022601087      4.770809169      1.038103627      0.000368917     0.981802499 - LP     1.438653958      0.022596095      4.770804677      1.037105567      0.000390847     0.982019979 -  29141  0     0.061342394    -0.997865342     0.022402434 
  200.000000000    916.349118132   -884.086492478   6491.098103617     -0.302163049      7.669887109      1.084336909      1.438559063      1.428840056      4.770556068      1.037106625     -0.000367035     0.980605278 - LP     1.438653958      1.428809009      4.770528128      1.036609397     -0.000230538     0.981777913 -  29141  0     0.138530005    -0.133652670     0.981298324 
  220.000000000   -104.024909700   6304.318214051   1960.087398815     -1.108873823      2.259522809     -7.351147710      1.438735355      2.837462058      4.770193881      1.035226907     -0.000934729     0.982888038 - LP     1.438653958      2.837525578      4.770251044      1.034271357     -0.001214215     0.983194404 -  29141  0    -0.015754626     0.954792211     0.296856237 
  240.000000000   -944.616428489   2872.172483790  -5846.941033616     -0.051117686     -6.989747076     -3.413102600      1.438593656     -2.030725358      4.770053320      1.032030639     -0.001369479     0.983977917 - LP     1.438653958     -2.030814139      4.769973425      1.031441568     -0.000978485     0.984986722 -  29141  0    -0.143505715     0.436339188    -0.888264726 
  260.000000000   -187.165698882  -5404.861634673  -3731.970576180      1.094696706     -4.412110995      6.326060952      1.438688307     -0.610109284      4.769600578      1.030204148      0.000640808     0.985406106 - LP     1.438653958     -0.610004058      4.769695271      1.029368675      0.000176913     0.985951141 -  29141  0    -0.028484543    -0.822559986    -0.567964524 
  280.000000000    884.597204673  -4465.745161630   4725.836326961      0.380656028      5.691554046      5.303910983      1.438648390      0.813250385      4.769517731      1.028816366     -0.000286990     0.985292815 - LP     1.438653958      0.813137987      4.769416583      1.028081431      0.000209100     0.986039316 -  29141  0     0.134807480    -0.680553646     0.720190030 
  300.000000000    446.407672361   4086.668396204   5093.055966501     -0.982424447      6.072965199     -4.791630682      1.438630520      2.238921336      4.769038308      1.026189973     -0.000471765     0.986393460 - LP     1.438653958      2.239031404      4.769137360      1.025498905     -0.000958205     0.987233233 -  29141  0     0.068204052     0.624378478     0.778138627 
  320.000000000   -752.244674946   5588.354733011  -3275.040925732     -0.661161370     -4.016290740     -6.676898026      1.438703385     -2.610291852      4.768947078      1.022375531     -0.001551666     0.989169747 - LP     1.438653958     -2.610391281      4.768857602      1.021496081     -0.001111603     0.989653487 -  29141  0    -0.115359926     0.856998007    -0.502241479 
  340.000000000   -643.728725255  -2585.025285602  -5923.013066083      0.807922142     -7.171597814      3.041115058      1.438583151     -1.168159048      4.768502957      1.018247933      0.000119100     0.990660024 - LP     1.438653958     -1.168076426      4.768577309      1.017673935     -0.000247176     0.991746857 -  29141  0    -0.099118711    -0.398031599    -0.912001276 
  360.000000000    584.402958185  -6202.356058171   1781.005360194      0.869250450      2.226927514      7.471676765      1.438741088      0.280968025      4.768351810      1.015878147      0.000056451     0.992336999 - LP     1.438653958      0.280906543      4.768296481      1.014898040      0.000329511     0.992644907 -  29141  0     0.090193882    -0.957241169     0.274871619 
  380.000000000    779.592117649   1100.737283015   6311.595294805     -0.599552305      7.721032522     -1.275153027      1.438555719      1.735107769      4.767981318      1.011912830     -0.000329812     0.992813041 - LP     1.438653958      1.735145329      4.768015119      1.011399953     -0.000496970     0.994052420 -  29141  0     0.120789902     0.170548093     0.977917761 
  400.000000000   -403.031555877   6399.180008372   -364.127358750     -1.008861924     -0.516636615     -7.799812287      1.438758014     -3.084365250      4.767745286      1.006907235     -0.001168460     0.997009839 - LP     1.438653958     -3.084378656      4.767733222      1.005880016     -0.001108663     0.997247363 -  29141  0    -0.062756091     0.996417068    -0.056698314 
  420.000000000   -852.939100712    192.652320227  -6322.470547838      0.396006194     -7.882964919     -0.289331517      1.438548458     -1.608298576      4.767458789      1.000708290     -0.000538092     0.999093664 - LP     1.438653958     -1.608307465      4.767450790      1.000205180     -0.000498343     1.000389888 -  29141  0    -0.133633954     0.030183739    -0.990571001 
# *** error: t:= 440.000000 *** code =   6

