    0.000000000  -5566.595128192  -3789.759911585     67.603822453      2.873759367     -3.825340523      6.023253926      0.900238713      0.012813001      3.731356288      1.055876891     -0.020525168     0.972829487 - LP     0.899883036      0.012818325      3.731344644      1.055842483     -0.020517712     0.972425266 -  29238  0    -0.826575717    -0.562736007     0.010038395 
  120.000000000   4474.279154954  -1447.722861416   4619.839272345      4.712595822      5.668306153     -2.701606741      0.899668870      2.033437984      3.723491805      1.033572896      0.007643656     0.993082702 - LP     0.899883036      2.033272099      3.723854605      1.033788195      0.007411348     0.993144312 -  29238  0     0.678716265    -0.219609242     0.700796698 
  240.000000000   1922.177124743   5113.011383417  -4087.084702033     -6.490769651     -0.522350158     -3.896001154      0.899822333     -2.270692736      3.716810828      1.069617258      0.014390332     0.959779454 - LP     0.899883036     -2.270488036      3.716363140      1.069768828      0.014677005     0.959715592 -  29238  0     0.281754782     0.749470686    -0.599089254 
  360.000000000  -6157.935468821  -2094.707987903  -1941.637309598      0.149900661     -5.175192523      5.604262034      0.900143983     -0.373755705      3.708561249      1.064272291     -0.017964326     0.964965802 - LP     0.899883036     -0.373896991      3.708870248      1.064280861     -0.018162196     0.964638958 -  29238  0    -0.907169982    -0.308586574    -0.286036626 
  480.000000000   2482.640524109  -3268.459445550   5146.380061902      6.501814698      4.402848754     -0.350943511      0.899529319      1.626785042      3.701325170      1.032068325     -0.001056000     0.994278206 - LP     0.899883036      1.626761833      3.701375930      1.032345245     -0.001088506     0.994453881 -  29238  0     0.377147891    -0.496524799     0.781807260 
  600.000000000   4036.264552866   4827.433472010  -2507.990639548     -5.184409515      1.772280695     -5.331390168      0.900079880     -2.649324807      3.694258871      1.062048434      0.018692691     0.966856753 - LP     0.899883036     -2.649151658      3.693880186      1.062085157      0.018935200     0.966582277 -  29238  0     0.595856380     0.712653246    -0.370243874 
  720.000000000  -5776.813716215   -118.641553193  -3641.220524182     -2.539917207     -5.622701582      4.403125405      0.899909012     -0.748677118      3.685929689      1.070791303     -0.012836157     0.958731430 - LP     0.899883036     -0.748884396      3.686383016      1.070904692     -0.013126474     0.958596642 -  29238  0    -0.845843119    -0.017371538    -0.533148804 
  840.000000000     67.986994865  -4456.492134728   4863.717942833      7.183809420      2.418917791      2.015642495      0.899607822      1.227004356      3.679172840      1.034318307     -0.009356628     0.992134357 - LP     0.899883036      1.227136232      3.678884419      1.034560760     -0.009171913     0.992245823 -  29238  0     0.010305710    -0.675530909     0.737259644 
  960.000000000   5520.622070379   3782.382035542   -596.731931608     -3.027966069      3.754152525     -6.013506363      0.900229970     -3.027983857      3.671486852      1.053382182      0.020180208     0.974916707 - LP     0.899883036     -3.027937011      3.671384396      1.053351523      0.020245826     0.974519446 -  29238  0     0.821690644     0.562970602    -0.088817716 
 1080.000000000  -4528.051044554   1808.462733292  -4816.997277621     -4.808419763     -5.185789345      2.642104494      0.899665420     -1.113929285      3.663523025      1.074608005     -0.006137433     0.954956253 - LP     0.899883036     -1.114093855      3.663882947      1.074829681     -0.006367952     0.955020604 -  29238  0    -0.660644061     0.263855277    -0.702801407 
 1200.000000000  -2356.614680779  -4852.512022719   3856.538161837      6.688446735      0.118520958      4.021854210      0.899846313      0.836836021      3.656832378      1.039683802     -0.015771527     0.987231446 - LP     0.899883036      0.837042832      3.656380072      1.039821362     -0.015481829     0.987147865 -  29238  0    -0.355380500    -0.731765003     0.581570874 
 1320.000000000   6149.658001344   2173.594232607   1369.294887325     -0.345832777      5.109857861     -5.842951828      0.900190210      2.876243017      3.648645507      1.044923959      0.018586874     0.982679479 - LP     0.899883036      2.876137732      3.648875770      1.044909970      0.018439389     0.982314661 -  29238  0     0.922725600     0.326137005     0.205455888 
 1440.000000000  -2629.550114488   3400.980401577  -5344.382171288     -6.368548448     -3.998963509      0.577253064      0.899533757     -1.471717297      3.641280540      1.075366913      0.001124271     0.954047531 - LP     0.899883036     -1.471758220      3.641370042      1.075646959      0.001066942     0.954219522 -  29238  0    -0.383381432     0.495853921    -0.779196744 
    0.000000000   2328.969752621  -5995.220513379   1719.972971916      2.912073281     -0.983417956     -7.090816210      1.271539570      2.867826780      2.023923869      1.043833037      0.009156579     0.977561100 - LP     1.271358914      2.867852237      2.024039135      1.043051602      0.008923398     0.977722473 -  88888  0     0.349815544    -0.900493156     0.258343106 

