    0.000000000   3988.310226994   5498.966572352      0.900558787     -3.290032738      2.357652820      6.496623475      1.013624526      0.000156195      0.943219680      1.065049534     -0.002814946     0.968241795 - LP     1.013301512      0.000156231      0.943219561      1.064743288     -0.002814841     0.968018572 -   6251  0     0.587118031     0.809501328     0.000132571 
  120.000000000  -3935.698000834    409.109808365   5471.335773274     -3.374784183     -6.635211043     -1.942056221      1.013035252      1.871780881      0.936802859      1.058652664     -0.001087326     0.973172532 - LP     1.013301512      1.871715750      0.937018369      1.058681806     -0.001277049     0.973560642 -   6251  0    -0.582873840     0.060588847     0.810300610 
  240.000000000  -1675.127669149  -5683.304323518  -3286.215109367      5.282496925      1.508674259     -5.354872978      1.013413437     -2.533221472      0.931174234      1.062275791      0.003251451     0.970440681 - LP     1.013301512     -2.533113559      0.930817163      1.062089743      0.003565798     0.970436450 -   6251  0    -0.247238967    -0.838822209    -0.485025974 
  360.000000000   4993.626428356   2890.549699000  -3600.401456269      0.347333429      5.707031557      5.070699638      1.013373052     -0.673622640      0.924244742      1.066309214     -0.000476940     0.966706676 - LP     1.013301512     -0.673734823      0.924615942      1.066145635     -0.000803725     0.966744342 -   6251  0     0.734241928     0.425014329    -0.529387960 
  480.000000000  -1115.079595139   4015.116914910   5326.997277178     -5.524279443     -4.765738774      2.402255961      1.013067759      1.189860340      0.918677419      1.060379527     -0.003332516     0.971636969 - LP     1.013301512      1.189939736      0.918414706      1.060390007     -0.003101237     0.971991355 -   6251  0    -0.164873489     0.593667336     0.787639401 
  600.000000000  -4329.100081975  -5176.702879352    409.653138574      2.858408303     -2.933091792     -6.509690397      1.013621234      3.070140925      0.912159232      1.059981992      0.002669877     0.972863750 - LP     1.013301512      3.070124538      0.912213456      1.059678199      0.002622141     0.972643943 -   6251  0    -0.640332333    -0.765704227     0.060593228 
  720.000000000   3692.600300280   -976.242652553  -5623.364474929      3.897257243      6.415554948      1.429112190      1.013010363     -1.346775374      0.905847326      1.065803096      0.001701845     0.966601642 - LP     1.013301512     -1.346825199      0.906012192      1.065845546      0.001556706     0.967015574 -   6251  0     0.543202320    -0.143610797    -0.827228613 
  840.000000000   2301.835100373   5723.923945532   2814.615145803     -5.110924966     -0.764510559      5.662120145      1.013469947      0.511030339      0.900135721      1.063184807     -0.003802044     0.969697216 - LP     1.013301512      0.511128501      0.899810913      1.062966562     -0.003516099     0.969634361 -   6251  0     0.339446816     0.844095112     0.415065418 
  960.000000000  -4990.916379503  -2303.425478800   3920.863355985     -0.993439372     -5.967458360     -4.759110856      1.013321926      2.387929732      0.893229724      1.058601347      0.000823308     0.973664632 - LP     1.013301512      2.387814921      0.893609619      1.058467690      0.000488868     0.973755338 -   6251  0    -0.739186700    -0.341152075     0.580704990 
 1080.000000000    642.277699768  -4332.898219009  -5183.315239096      5.720542579      4.216573838     -2.846576139      1.013100966     -2.021372618      0.887706719      1.063987675      0.002961779     0.968391231 - LP     1.013301512     -2.021282434      0.887408311      1.063978880      0.003224482     0.968711168 -   6251  0     0.094643881    -0.638481301    -0.763795892 
 1200.000000000   4719.783357520   4798.069389959   -943.588510624     -2.294860662      3.492499389      6.408334723      1.013607235     -0.164322204      0.881084101      1.065544856     -0.002248835     0.967761688 - LP     1.013301512     -0.164359342      0.881206989      1.065248372     -0.002357019     0.967556405 -   6251  0     0.694475007     0.705994114    -0.138840830 
 1320.000000000  -3299.169936023   1576.831683195   5678.678406385     -4.460347074     -6.202025196     -0.885874586      1.012990081      1.705163993      0.874904605      1.058951045     -0.001773680     0.972824609 - LP     1.013301512      1.705133455      0.875005651      1.059005802     -0.001862637     0.973259583 -   6251  0    -0.488466850     0.233461756     0.840770923 
 1440.000000000  -2777.146823355  -5663.160317077  -2462.548891232      4.915493146      0.123328992     -5.896495091      1.013505853     -2.698734734      0.869099112      1.061614525      0.003193258     0.971185885 - LP     1.013301512     -2.698645637      0.868804300      1.061376068      0.003452796     0.971085779 -   6251  0    -0.410145812    -0.836369712    -0.363684090 
 1560.000000000   4992.315738931   1716.623567695  -4287.860655812      1.640717189      6.071570434      4.338797931      1.013267839     -0.837499795      0.862224349      1.066324069      0.000175171     0.966526699 - LP     1.013301512     -0.837614209      0.862602934      1.066220237     -0.000158116     0.966673517 -   6251  0     0.734038983     0.252401628    -0.630460300 
 1680.000000000     -8.223847547   4662.215216680   4905.664118573     -5.891011274     -3.593173872      3.365100460      1.013152993      1.024171053      0.856739590      1.061079306     -0.003656935     0.971125561 - LP     1.013301512      1.024273213      0.856401553      1.061041299     -0.003359344     0.971391526 -   6251  0    -0.001215160     0.688891404     0.724863544 
 1800.000000000  -4966.201379626  -4379.591550374   1349.333475022      1.763172581     -3.981456387     -6.343279443      1.013588759      2.904101664      0.850026038      1.059489112      0.002277817     0.973262468 - LP     1.013301512      2.904049043      0.850200158      1.059203818      0.002124530     0.973076353 -   6251  0    -0.734909939    -0.648102063     0.199677481 
 1920.000000000   2954.493903314  -2080.659846504  -5754.750380565      4.895893306      5.858184322      0.375474825      1.012980824     -1.510648058      0.843953077      1.065396594      0.002145131     0.966921488 - LP     1.013301512     -1.510661861      0.843998748      1.065455863      0.002104925     0.967366067 -   6251  0     0.434788538    -0.306193576    -0.846879225 
 2040.000000000   3363.287943208   5559.558411795   1956.055422663     -4.587378863      0.591943403      6.107838605      1.013549978      0.346535874      0.838040572      1.063909858     -0.003550470     0.969157595 - LP     1.013301512      0.346609387      0.837797324      1.063646078     -0.003336327     0.969011713 -   6251  0     0.495639043     0.819297740     0.288258827 
 2160.000000000  -4856.667800700  -1107.034501919   4557.212582406     -2.304158557     -6.186437070     -3.956549542      1.013215642      2.221771462      0.831228921      1.058517160      0.000155411     0.973573075 - LP     1.013301512      2.221660559      0.831595885      1.058443870     -0.000167647     0.973774046 -   6251  0    -0.719360833    -0.163971944     0.675006069 
 2280.000000000   -497.844800712  -4863.460053117  -4700.812112174      5.960065407      2.996683369     -3.767123329      1.013193413     -2.185687990      0.825753145      1.063357264      0.003116630     0.969106044 - LP     1.013301512     -2.185579581      0.825394432      1.063296039      0.003432425     0.969330076 -   6251  0    -0.073404226    -0.717087981    -0.693106519 
 2400.000000000   5241.619360959   3910.759606834  -1857.934739522     -1.124834806      4.406213160      6.148161299      1.013557525     -0.327836060      0.818960835      1.065917961     -0.001622431     0.967342578 - LP     1.013301512     -0.327906213      0.819192964      1.065649663     -0.001826787     0.967188867 -   6251  0     0.770988664     0.575232789    -0.273283221 
 2520.000000000  -2451.380459530   2610.604632610   5729.790220688     -5.366560525     -5.500855666      0.187958716      1.012979120      1.539506714      0.813015282      1.059377037     -0.002398441     0.972413020 - LP     1.013301512      1.539513907      0.812991481      1.059437967     -0.002377488     0.972859368 -   6251  0    -0.362799314     0.386364168     0.847997280 
 2640.000000000  -3791.875206380  -5378.828513819  -1575.827379301      4.266273592     -1.199162551     -6.276154080      1.013575881     -2.863656742      0.806990893      1.060980690      0.003047841     0.971871958 - LP     1.013301512     -2.863596024      0.806789985      1.060702538      0.003224712     0.971699204 -   6251  0    -0.560341578    -0.794852439    -0.232866735 
 2760.000000000   4730.539583565    524.050064331  -4857.293697253      2.918056288      6.135412849      3.495115636      1.013166686     -1.000576044      0.800242553      1.066210797      0.000789456     0.966469181 - LP     1.013301512     -1.000680587      0.800588473      1.066164421      0.000484924     0.966720941 -   6251  0     0.695622943     0.077061240    -0.714262057 
 2880.000000000   1159.278028972   5056.601754954   4353.494185789     -5.968060341     -2.314790406      4.230722669      1.013253709      0.859550328      0.794763420      1.061822693     -0.003832515     0.970599121 - LP     1.013301512      0.859664104      0.794386947      1.061727403     -0.003501086     0.970760601 -   6251  0     0.171175614     0.746643074     0.642824260 
    0.000000000   2349.894833501  -14785.938115615      0.021193784      2.721488096     -3.256811655      4.498416672      1.120148817      0.000001573      4.869997829      2.347317096      0.460903088     0.632142079 - LP     1.120083116      0.000001573      4.869997828      2.347094324      0.460903088     0.632137330 -   8195  0     0.156957820    -0.987605307     0.000001416 