    0.000000000   2328.969752621  -5995.220513379   1719.972971916      2.912073281     -0.983417956     -7.090816210      1.271539570      2.867826780      2.023923869      1.043833037      0.009156579     0.977561100 - LP     1.271358914      2.867852237      2.024039135      1.043051602      0.008923398     0.977722473 -  88888  0     0.349815544    -0.900493156     0.258343106 
  120.000000000   1020.692345577   2286.562606342  -6191.555659270     -3.746543902      6.467532721      1.827985678      1.271172111     -1.326398814      2.020219537      1.047130254     -0.006699609     0.973317173 - LP     1.271358914     -1.326375847      2.020323525      1.046759390     -0.006909976     0.974256543 -  88888  0     0.152827125     0.342364465    -0.927054714 
  240.000000000  -3226.543491554   3503.709775249   4532.809793430      1.000992116     -5.788042888      5.162585826      1.271350240      0.805949705      2.016829096      1.030893084     -0.002084439     0.989225588 - LP     1.271358914      0.805900839      2.016607842      1.030331299     -0.001636840     0.989787828 -  88888  0    -0.490715968     0.532869412     0.689382353 
  360.000000000   2456.107065334  -6071.938555030   1222.897685538      2.679390040     -0.448290811     -7.228792155      1.271554894      2.948322265      2.012808612      1.044672266      0.008785932     0.976815971 - LP     1.271358914      2.948340701      2.012892086      1.043873152      0.008617064     0.976944920 -  88888  0     0.368615440    -0.911283686     0.183533924 
  480.000000000    787.164573490   2719.918009460  -6043.866620243     -3.759883839      6.277439314      2.397897864      1.271190383     -1.246161511      2.009042360      1.046430019     -0.007166099     0.974018729 - LP     1.271358914     -1.246131939      2.009176257      1.046039013     -0.007436976     0.974919438 -  88888  0     0.117940141     0.407522804    -0.905546955 
  600.000000000  -3110.976480293   3121.730262353   4878.152170355      1.244916056     -6.124880425      4.700576353      1.271315310      0.889224851      2.005677049      1.030735854     -0.001212255     0.989256773 - LP     1.271358914      0.889176993      2.005460355      1.030213338     -0.000773876     0.989892990 -  88888  0    -0.473211878     0.474847640     0.742017680 
  720.000000000   2567.562296951  -6112.503839223    713.963744354      2.440245751      0.098109002     -7.319959258      1.271565197      3.029307761      2.001695070      1.045477232      0.008339364     0.976088171 - LP     1.271358914      3.029318651      2.001744379      1.044666093      0.008239609     0.976195324 -  88888  0     0.385046077    -0.916665441     0.107070017 
  840.000000000    556.056617803   3144.522882008  -5855.346361782     -3.754660143      6.044752775      2.957941672      1.271213221     -1.165166964      1.997867733      1.045682717     -0.007581107     0.974779551 - LP     1.271358914     -1.165131494      1.998028331      1.045266474     -0.007906003     0.975631932 -  88888  0     0.083372990     0.471477663    -0.877928105 
  960.000000000  -2982.479405393   2712.616637110   5192.323304719      1.475566773     -6.427737014      4.202420227      1.271281327      0.973154828      1.994518241      1.030663717     -0.000317686     0.989209277 - LP     1.271358914      0.973109324      1.994312210      1.030179359      0.000099124     0.989917469 -  88888  0    -0.453697889     0.412646082     0.789861656 
 1080.000000000   2663.089643522  -6115.482908846    196.400728665      2.196121564      0.652415093     -7.362824152      1.271570115      3.110787280      1.990582382      1.046240254      0.007820807     0.975383581 - LP     1.271358914      3.110790291      1.990596016      1.045423158      0.007793224     0.975480341 -  88888  0     0.399080633    -0.916443349     0.029431877 
 1200.000000000    328.549996738   3557.094905520  -5626.214272111     -3.731193288      5.769341172      3.504058731      1.271240144     -1.083404473      1.986696463      1.044893169     -0.007941044     0.975593833 - LP     1.271358914     -1.083363992      1.986879748      1.044447127     -0.008311841     0.976389237 -  88888  0     0.049298746     0.533740128    -0.844210347 
 1320.000000000  -2842.068767573   2278.423434921   5472.334371496      1.691852635     -6.693216335      3.671022712      1.271249291      1.057724236      1.983352836      1.030679434      0.000591153     0.989083634 - LP     1.271358914      1.057682399      1.983163408      1.030231000      0.000974377     0.989859680 -  88888  0    -0.432331883     0.346590873     0.832444539 
 1440.000000000   2742.553988317  -6079.670091229   -326.390126492      1.948497651      1.211072678     -7.356193131      1.271569416     -3.090419142      1.979469619      1.046953921      0.007234962     0.974708225 - LP     1.271358914     -3.090424139      1.979446995      1.046137197      0.007280733     0.974806483 -  88888  0     0.410708708    -0.910455531    -0.048878260 